   0.0000000000000000        3.1699968300031696E-002
   1.0000000000000000E-002   2.9699970300029698E-002
   2.0000000000000000E-002   3.0499969500030498E-002
   2.9999999999999999E-002   3.0999969000030998E-002
   4.0000000000000001E-002   3.4799965200034796E-002
   5.0000000000000003E-002   2.9999970000029998E-002
   5.9999999999999998E-002   2.6099973900026101E-002
   7.0000000000000007E-002   3.1399968600031400E-002
   8.0000000000000002E-002   3.0699969300030699E-002
   8.9999999999999997E-002   3.1799968200031802E-002
  0.10000000000000001        3.4199965800034197E-002
  0.11000000000000000        3.4199965800034197E-002
  0.12000000000000000        3.0199969800030198E-002
  0.13000000000000000        3.2099967900032098E-002
  0.14000000000000001        3.3299966700033302E-002
  0.14999999999999999        3.4499965500034500E-002
  0.16000000000000000        3.5999964000036001E-002
  0.17000000000000001        3.4599965400034599E-002
  0.17999999999999999        3.6399963600036396E-002
  0.19000000000000000        3.6399963600036396E-002
  0.20000000000000001        3.4199965800034197E-002
  0.20999999999999999        3.4399965600034402E-002
  0.22000000000000000        3.7899962100037897E-002
  0.23000000000000001        3.8999961000038996E-002
  0.23999999999999999        3.5599964400035600E-002
  0.25000000000000000        3.8899961100038898E-002
  0.26000000000000001        3.9399960600039398E-002
  0.27000000000000002        3.5199964800035198E-002
  0.28000000000000003        4.1199958800041202E-002
  0.28999999999999998        3.8399961600038397E-002
  0.29999999999999999        4.1699958300041702E-002
  0.31000000000000000        4.4499955500044500E-002
  0.32000000000000001        4.4599955400044598E-002
  0.33000000000000002        4.2999957000042999E-002
  0.34000000000000002        4.7099952900047100E-002
  0.35000000000000003        4.4299955700044302E-002
  0.35999999999999999        4.1799958200041801E-002
  0.37000000000000000        4.7299952700047297E-002
  0.38000000000000000        4.7399952600047396E-002
  0.39000000000000001        4.8999951000048995E-002
  0.40000000000000002        5.0799949200050799E-002
  0.41000000000000003        5.5599944400055598E-002
  0.41999999999999998        5.5199944800055196E-002
  0.42999999999999999        5.6299943700056296E-002
  0.44000000000000000        5.3099946900053097E-002
  0.45000000000000001        5.9999940000059995E-002
  0.46000000000000002        5.6999943000057000E-002
  0.47000000000000003        6.1299938700061299E-002
  0.47999999999999998        6.2099937900062095E-002
  0.48999999999999999        6.2299937700062299E-002
  0.50000000000000000        6.1499938500061496E-002
  0.51000000000000001        6.4699935300064695E-002
  0.52000000000000002        6.9599930400069593E-002
  0.53000000000000003        7.7299922700077295E-002
  0.54000000000000004        7.7099922900077097E-002
  0.55000000000000004        7.3299926700073292E-002
  0.56000000000000005        7.6499923500076492E-002
  0.57000000000000006        7.5499924500075505E-002
  0.57999999999999996        8.0299919700080297E-002
  0.58999999999999997        7.4799925200074793E-002
  0.59999999999999998        8.7499912500087498E-002
  0.60999999999999999        8.3899916100083904E-002
  0.62000000000000000        9.1499908500091501E-002
  0.63000000000000000        8.7099912900087104E-002
  0.64000000000000001        8.8499911500088499E-002
  0.65000000000000002        9.1699908300091698E-002
  0.66000000000000003        9.2199907800092198E-002
  0.67000000000000004        9.9299900700099294E-002
  0.68000000000000005       0.10159989840010160     
  0.69000000000000006        9.8099901900098097E-002
  0.70000000000000007        9.9499900500099492E-002
  0.70999999999999996       0.10899989100010900     
  0.71999999999999997       0.11639988360011640     
  0.72999999999999998       0.11079988920011080     
  0.73999999999999999       0.11459988540011459     
  0.75000000000000000       0.11819988180011820     
  0.76000000000000001       0.12259987740012260     
  0.77000000000000002       0.11889988110011890     
  0.78000000000000003       0.12219987780012220     
  0.79000000000000004       0.12329987670012330     
  0.80000000000000004       0.13279986720013279     
  0.81000000000000005       0.13109986890013109     
  0.82000000000000006       0.14679985320014680     
  0.83000000000000007       0.13209986790013209     
  0.83999999999999997       0.13919986080013919     
  0.84999999999999998       0.14089985910014088     
  0.85999999999999999       0.14229985770014231     
  0.87000000000000000       0.14949985050014949     
  0.88000000000000000       0.14649985350014649     
  0.89000000000000001       0.14219985780014219     
  0.90000000000000002       0.15299984700015298     
  0.91000000000000003       0.15169984830015171     
  0.92000000000000004       0.15809984190015811     
  0.93000000000000005       0.16159983840016159     
  0.94000000000000006       0.16179983820016181     
  0.95000000000000007       0.16629983370016629     
  0.95999999999999996       0.16729983270016729     
  0.96999999999999997       0.17139982860017139     
  0.97999999999999998       0.16899983100016899     
  0.98999999999999999       0.17919982080017918     
   1.0000000000000000       0.17149982850017151     
   1.0100000000000000       0.17039982960017039     
   1.0200000000000000       0.17299982700017300     
   1.0300000000000000       0.18299981700018300     
   1.0400000000000000       0.17499982500017500     
   1.0500000000000000       0.17919982080017918     
   1.0600000000000001       0.18039981960018039     
   1.0700000000000001       0.17539982460017539     
   1.0800000000000001       0.18309981690018309     
   1.0900000000000001       0.17529982470017530     
   1.1000000000000001       0.18909981090018910     
   1.1100000000000001       0.18159981840018161     
   1.1200000000000001       0.18659981340018661     
   1.1300000000000001       0.19149980850019149     
   1.1400000000000001       0.19029980970019031     
   1.1500000000000001       0.19229980770019228     
   1.1599999999999999       0.18699981300018700     
   1.1699999999999999       0.18649981350018649     
   1.1799999999999999       0.18069981930018070     
   1.1899999999999999       0.18389981610018388     
   1.2000000000000000       0.19019980980019019     
   1.2100000000000000       0.19389980610019389     
   1.2200000000000000       0.18639981360018640     
   1.2300000000000000       0.18869981130018870     
   1.2400000000000000       0.18159981840018161     
   1.2500000000000000       0.18199981800018200     
   1.2600000000000000       0.18399981600018400     
   1.2700000000000000       0.19759980240019759     
   1.2800000000000000       0.19009980990019010     
   1.2900000000000000       0.19769980230019771     
   1.3000000000000000       0.18689981310018688     
   1.3100000000000001       0.18409981590018409     
   1.3200000000000001       0.18509981490018509     
   1.3300000000000001       0.17909982090017909     
   1.3400000000000001       0.17759982240017760     
   1.3500000000000001       0.17369982630017369     
   1.3600000000000001       0.17569982430017569     
   1.3700000000000001       0.17619982380017621     
   1.3800000000000001       0.17379982620017378     
   1.3900000000000001       0.17509982490017509     
   1.4000000000000001       0.17129982870017130     
   1.4099999999999999       0.17329982670017330     
   1.4199999999999999       0.15959984040015959     
   1.4299999999999999       0.17339982660017339     
   1.4399999999999999       0.16679983320016681     
   1.4500000000000000       0.15959984040015959     
   1.4600000000000000       0.15619984380015620     
   1.4700000000000000       0.16609983390016608     
   1.4800000000000000       0.15189984810015189     
   1.4900000000000000       0.15899984100015899     
   1.5000000000000000       0.15479984520015480     
   1.5100000000000000       0.15249984750015250     
   1.5200000000000000       0.15039984960015040     
   1.5300000000000000       0.14739985260014740     
   1.5400000000000000       0.14449985550014449     
   1.5500000000000000       0.14969985030014971     
   1.5600000000000001       0.14799985200014801     
   1.5700000000000001       0.14469985530014470     
   1.5800000000000001       0.13829986170013830     
   1.5900000000000001       0.14379985620014379     
   1.6000000000000001       0.13959986040013961     
   1.6100000000000001       0.12689987310012690     
   1.6200000000000001       0.13149986850013148     
   1.6300000000000001       0.13739986260013740     
   1.6400000000000001       0.13159986840013160     
   1.6500000000000001       0.12349987650012349     
   1.6600000000000001       0.12829987170012830     
   1.6699999999999999       0.12129987870012129     
   1.6799999999999999       0.13029986970013030     
   1.6899999999999999       0.12029987970012029     
   1.7000000000000000       0.12189987810012190     
   1.7100000000000000       0.12169987830012170     
   1.7200000000000000       0.12179987820012179     
   1.7300000000000000       0.12079987920012079     
   1.7400000000000000       0.11929988070011929     
   1.7500000000000000       0.11749988250011750     
   1.7600000000000000       0.11509988490011509     
   1.7700000000000000       0.11839988160011840     
   1.7800000000000000       0.11349988650011350     
   1.7900000000000000       0.11659988340011659     
   1.8000000000000000       0.11159988840011159     
   1.8100000000000001       0.11389988610011390     
   1.8200000000000001       0.10849989150010850     
   1.8300000000000001       0.10729989270010730     
   1.8400000000000001       0.10719989280010719     
   1.8500000000000001       0.10949989050010950     
   1.8600000000000001       0.10429989570010430     
   1.8700000000000001       0.10989989010010989     
   1.8800000000000001       0.10909989090010910     
   1.8900000000000001       0.10709989290010710     
   1.9000000000000001        9.8799901200098794E-002
   1.9100000000000001       0.10429989570010430     
   1.9199999999999999       0.10199989800010199     
   1.9299999999999999        9.9499900500099492E-002
   1.9399999999999999       0.10349989650010349     
   1.9500000000000000        9.9499900500099492E-002
   1.9600000000000000        9.8399901600098399E-002
   1.9700000000000000        9.9599900400099597E-002
   1.9800000000000000       0.10139989860010140     
   1.9900000000000000       0.10229989770010230     
   2.0000000000000000        9.4799905200094792E-002
   2.0100000000000002        9.9199900800099203E-002
   2.0200000000000000        9.9199900800099203E-002
   2.0300000000000002       0.10039989960010040     
   2.0400000000000000       0.10169989830010170     
   2.0499999999999998       0.10829989170010830     
   2.0600000000000001       0.10389989610010390     
   2.0699999999999998       0.10459989540010460     
   2.0800000000000001       0.10359989640010360     
   2.0899999999999999       0.10209989790010210     
   2.1000000000000001       0.10019989980010020     
   2.1099999999999999       0.10469989530010469     
   2.1200000000000001        9.8799901200098794E-002
   2.1299999999999999       0.10609989390010610     
   2.1400000000000001       0.10799989200010800     
   2.1499999999999999       0.10569989430010569     
   2.1600000000000001       0.10919989080010920     
   2.1699999999999999       0.10969989030010970     
   2.1800000000000002       0.11179988820011180     
   2.1899999999999999       0.11279988720011280     
   2.2000000000000002       0.10649989350010650     
   2.2100000000000000       0.11419988580011420     
   2.2200000000000002       0.10789989210010789     
   2.2300000000000000       0.11919988080011920     
   2.2400000000000002       0.12069987930012070     
   2.2500000000000000       0.11949988050011950     
   2.2600000000000002       0.12249987750012249     
   2.2700000000000000       0.12059987940012060     
   2.2800000000000002       0.12749987250012751     
   2.2900000000000000       0.12309987690012310     
   2.3000000000000003       0.12119987880012120     
   2.3100000000000001       0.12689987310012690     
   2.3199999999999998       0.13349986650013348     
   2.3300000000000001       0.13439986560013439     
   2.3399999999999999       0.13379986620013379     
   2.3500000000000001       0.13609986390013609     
   2.3599999999999999       0.14139985860014140     
   2.3700000000000001       0.13469986530013470     
   2.3799999999999999       0.13779986220013779     
   2.3900000000000001       0.14179985820014179     
   2.3999999999999999       0.14569985430014570     
   2.4100000000000001       0.15019984980015019     
   2.4199999999999999       0.15569984430015571     
   2.4300000000000002       0.15569984430015571     
   2.4399999999999999       0.16139983860016138     
   2.4500000000000002       0.16159983840016159     
   2.4600000000000000       0.16979983020016978     
   2.4700000000000002       0.17099982900017099     
   2.4800000000000000       0.17449982550017448     
   2.4900000000000002       0.17479982520017479     
   2.5000000000000000       0.17259982740017260     
   2.5100000000000002       0.17639982360017639     
   2.5200000000000000       0.18379981620018379     
   2.5300000000000002       0.19469980530019471     
   2.5400000000000000       0.19449980550019449     
   2.5500000000000003       0.19119980880019119     
   2.5600000000000001       0.20359979640020359     
   2.5699999999999998       0.21399978600021399     
   2.5800000000000001       0.21699978300021699     
   2.5899999999999999       0.21409978590021408     
   2.6000000000000001       0.21549978450021551     
   2.6099999999999999       0.22369977630022370     
   2.6200000000000001       0.22559977440022561     
   2.6299999999999999       0.24019975980024019     
   2.6400000000000001       0.23319976680023319     
   2.6499999999999999       0.23469976530023470     
   2.6600000000000001       0.23959976040023959     
   2.6699999999999999       0.25069974930025068     
   2.6800000000000002       0.25669974330025669     
   2.6899999999999999       0.26599973400026600     
   2.7000000000000002       0.26759973240026758     
   2.7100000000000000       0.27509972490027507     
   2.7200000000000002       0.28139971860028140     
   2.7300000000000000       0.27629972370027628     
   2.7400000000000002       0.29089970910029089     
   2.7500000000000000       0.29739970260029741     
   2.7600000000000002       0.30069969930030072     
   2.7700000000000000       0.30199969800030202     
   2.7800000000000002       0.30729969270030727     
   2.7900000000000000       0.32559967440032561     
   2.8000000000000003       0.31989968010031988     
   2.8100000000000001       0.33699966300033701     
   2.8199999999999998       0.33719966280033720     
   2.8300000000000001       0.34539965460034538     
   2.8399999999999999       0.34799965200034799     
   2.8500000000000001       0.34779965220034781     
   2.8599999999999999       0.35619964380035618     
   2.8700000000000001       0.35029964970035027     
   2.8799999999999999       0.37089962910037089     
   2.8900000000000001       0.37719962280037717     
   2.8999999999999999       0.37259962740037261     
   2.9100000000000001       0.38229961770038229     
   2.9199999999999999       0.39289960710039290     
   2.9300000000000002       0.40409959590040412     
   2.9399999999999999       0.39589960410039587     
   2.9500000000000002       0.40219959780040221     
   2.9600000000000000       0.39979960020039979     
   2.9700000000000002       0.39919960080039918     
   2.9800000000000000       0.41019958980041021     
   2.9900000000000002       0.41069958930041067     
   3.0000000000000000       0.41379958620041379     
   3.0100000000000002       0.41429958570041431     
   3.0200000000000000       0.43249956750043250     
   3.0300000000000002       0.42349957650042347     
   3.0400000000000000       0.43009956990043008     
   3.0500000000000003       0.44349955650044348     
   3.0600000000000001       0.43319956680043320     
   3.0700000000000003       0.43829956170043827     
   3.0800000000000001       0.43729956270043729     
   3.0899999999999999       0.44509955490044512     
   3.1000000000000001       0.45429954570045428     
   3.1099999999999999       0.44229955770044227     
   3.1200000000000001       0.44439955560044436     
   3.1299999999999999       0.44169955830044166     
   3.1400000000000001       0.44369955630044366     
   3.1499999999999999       0.44629955370044627     
   3.1600000000000001       0.44169955830044166     
   3.1699999999999999       0.42999957000042999     
   3.1800000000000002       0.44199955800044199     
   3.1899999999999999       0.42649957350042650     
   3.2000000000000002       0.44059955940044060     
   3.2100000000000000       0.45119954880045121     
   3.2200000000000002       0.42519957480042520     
   3.2300000000000000       0.42769957230042771     
   3.2400000000000002       0.43519956480043520     
   3.2500000000000000       0.41869958130041868     
   3.2600000000000002       0.43029956970043032     
   3.2700000000000000       0.42529957470042529     
   3.2800000000000002       0.41909958090041910     
   3.2900000000000000       0.40729959270040728     
   3.3000000000000003       0.42169957830042171     
   3.3100000000000001       0.40069959930040067     
   3.3200000000000003       0.40179959820040179     
   3.3300000000000001       0.39969960030039969     
   3.3399999999999999       0.39139960860039141     
   3.3500000000000001       0.40489959510040491     
   3.3599999999999999       0.39209960790039211     
   3.3700000000000001       0.38129961870038132     
   3.3799999999999999       0.37749962250037750     
   3.3900000000000001       0.38379961620038378     
   3.3999999999999999       0.36469963530036470     
   3.4100000000000001       0.35759964240035758     
   3.4199999999999999       0.35429964570035427     
   3.4300000000000002       0.35249964750035251     
   3.4399999999999999       0.34099965900034102     
   3.4500000000000002       0.32309967690032310     
   3.4600000000000000       0.32479967520032477     
   3.4700000000000002       0.31959968040031961     
   3.4800000000000000       0.31029968970031030     
   3.4900000000000002       0.31779968220031779     
   3.5000000000000000       0.30779969220030778     
   3.5100000000000002       0.29769970230029769     
   3.5200000000000000       0.29689970310029690     
   3.5300000000000002       0.29019970980029020     
   3.5400000000000000       0.28979971020028977     
   3.5500000000000003       0.28279971720028280     
   3.5600000000000001       0.27389972610027391     
   3.5700000000000003       0.26389973610026390     
   3.5800000000000001       0.27109972890027112     
   3.5899999999999999       0.26939973060026939     
   3.6000000000000001       0.25759974240025757     
   3.6099999999999999       0.25069974930025068     
   3.6200000000000001       0.24379975620024380     
   3.6299999999999999       0.23439976560023440     
   3.6400000000000001       0.24579975420024580     
   3.6499999999999999       0.23269976730023270     
   3.6600000000000001       0.23869976130023871     
   3.6699999999999999       0.21839978160021839     
   3.6800000000000002       0.21869978130021869     
   3.6899999999999999       0.22369977630022370     
   3.7000000000000002       0.21089978910021090     
   3.7100000000000000       0.20589979410020590     
   3.7200000000000002       0.19729980270019729     
   3.7300000000000000       0.18929981070018931     
   3.7400000000000002       0.19839980160019841     
   3.7500000000000000       0.19049980950019049     
   3.7600000000000002       0.18559981440018561     
   3.7700000000000000       0.17709982290017709     
   3.7800000000000002       0.18079981920018079     
   3.7900000000000000       0.17269982730017269     
   3.8000000000000003       0.16679983320016681     
   3.8100000000000001       0.16209983790016211     
   3.8200000000000003       0.16699983300016699     
   3.8300000000000001       0.15809984190015811     
   3.8399999999999999       0.15429984570015429     
   3.8500000000000001       0.15789984210015789     
   3.8599999999999999       0.14479985520014479     
   3.8700000000000001       0.15029984970015028     
   3.8799999999999999       0.14659985340014658     
   3.8900000000000001       0.14639985360014640     
   3.8999999999999999       0.13679986320013679     
   3.9100000000000001       0.13719986280013718     
   3.9199999999999999       0.13549986450013549     
   3.9300000000000002       0.13349986650013348     
   3.9399999999999999       0.13549986450013549     
   3.9500000000000002       0.13099986900013100     
   3.9600000000000000       0.12439987560012440     
   3.9700000000000002       0.11809988190011809     
   3.9800000000000000       0.13089986910013091     
   3.9900000000000002       0.12199987800012199     
   4.0000000000000000       0.12139987860012140     
   4.0099999999999998       0.11399988600011400     
   4.0200000000000005       0.12039987960012040     
   4.0300000000000002       0.11759988240011759     
   4.0400000000000000       0.11489988510011490     
   4.0499999999999998       0.11369988630011370     
   4.0600000000000005       0.11199988800011200     
   4.0700000000000003       0.10939989060010939     
   4.0800000000000001       0.11519988480011520     
   4.0899999999999999       0.10349989650010349     
   4.0999999999999996       0.10499989500010500     
   4.1100000000000003       0.10899989100010900     
   4.1200000000000001        9.7899902100097899E-002
   4.1299999999999999       0.10499989500010500     
   4.1399999999999997       0.10619989380010619     
   4.1500000000000004       0.11229988770011230     
   4.1600000000000001       0.10139989860010140     
   4.1699999999999999       0.10509989490010510     
   4.1799999999999997       0.10159989840010160     
   4.1900000000000004       0.10369989630010369     
   4.2000000000000002       0.10149989850010149     
   4.2100000000000000        9.9899900100099900E-002
   4.2199999999999998        9.8799901200098794E-002
   4.2300000000000004       0.10809989190010810     
   4.2400000000000002       0.10479989520010480     
   4.2500000000000000       0.10209989790010210     
   4.2599999999999998       0.10699989300010700     
   4.2700000000000005       0.10109989890010110     
   4.2800000000000002       0.10059989940010060     
   4.2900000000000000       0.10769989230010769     
   4.2999999999999998       0.10139989860010140     
   4.3100000000000005       0.10079989920010080     
   4.3200000000000003        9.9199900800099203E-002
   4.3300000000000001        9.9099900900099097E-002
   4.3399999999999999        9.8399901600098399E-002
   4.3500000000000005       0.10299989700010299     
   4.3600000000000003       0.10119989880010120     
   4.3700000000000001        9.9499900500099492E-002
   4.3799999999999999       0.10389989610010390     
   4.3899999999999997       0.10839989160010839     
   4.4000000000000004       0.10529989470010530     
   4.4100000000000001       0.10939989060010939     
   4.4199999999999999       0.10789989210010789     
   4.4299999999999997       0.10119989880010120     
   4.4400000000000004        9.9499900500099492E-002
   4.4500000000000002       0.11479988520011480     
   4.4600000000000000       0.11049988950011050     
   4.4699999999999998       0.11309988690011309     
   4.4800000000000004       0.11419988580011420     
   4.4900000000000002       0.10989989010010989     
   4.5000000000000000       0.11419988580011420     
   4.5099999999999998       0.11649988350011650     
   4.5200000000000005       0.11129988870011130     
   4.5300000000000002       0.12149987850012149     
   4.5400000000000000       0.11179988820011180     
   4.5499999999999998       0.11519988480011520     
   4.5600000000000005       0.12359987640012360     
   4.5700000000000003       0.11659988340011659     
   4.5800000000000001       0.12009987990012010     
   4.5899999999999999       0.11919988080011920     
   4.6000000000000005       0.12789987210012790     
   4.6100000000000003       0.12809987190012809     
   4.6200000000000001       0.13169986830013169     
   4.6299999999999999       0.13139986860013139     
   4.6399999999999997       0.12629987370012630     
   4.6500000000000004       0.13319986680013321     
   4.6600000000000001       0.13629986370013630     
   4.6699999999999999       0.13639986360013640     
   4.6799999999999997       0.13769986230013770     
   4.6900000000000004       0.13709986290013709     
   4.7000000000000002       0.14499985500014501     
   4.7100000000000000       0.14649985350014649     
   4.7199999999999998       0.14729985270014731     
   4.7300000000000004       0.14249985750014249     
   4.7400000000000002       0.14439985560014440     
   4.7500000000000000       0.14969985030014971     
   4.7599999999999998       0.15129984870015128     
   4.7700000000000005       0.15869984130015868     
   4.7800000000000002       0.15059984940015059     
   4.7900000000000000       0.15539984460015541     
   4.7999999999999998       0.16099983900016099     
   4.8100000000000005       0.15409984590015410     
   4.8200000000000003       0.15459984540015459     
   4.8300000000000001       0.16369983630016369     
   4.8399999999999999       0.15679984320015680     
   4.8500000000000005       0.17489982510017490     
   4.8600000000000003       0.17119982880017121     
   4.8700000000000001       0.17249982750017251     
   4.8799999999999999       0.16929983070016930     
   4.8899999999999997       0.17409982590017409     
   4.9000000000000004       0.17699982300017700     
   4.9100000000000001       0.16779983220016781     
   4.9199999999999999       0.18119981880018118     
   4.9299999999999997       0.16989983010016990     
   4.9400000000000004       0.17749982250017748     
   4.9500000000000002       0.18869981130018870     
   4.9600000000000000       0.17879982120017879     
   4.9699999999999998       0.17989982010017991     
   4.9800000000000004       0.17899982100017900     
   4.9900000000000002       0.18719981280018719     
   5.0000000000000000       0.18689981310018688     
   5.0099999999999998       0.17969982030017970     
   5.0200000000000005       0.18879981120018879     
   5.0300000000000002       0.19459980540019459     
   5.0400000000000000       0.19309980690019310     
   5.0499999999999998       0.18449981550018449     
   5.0600000000000005       0.18549981450018549     
   5.0700000000000003       0.18999981000019001     
   5.0800000000000001       0.19199980800019201     
   5.0899999999999999       0.19469980530019471     
   5.1000000000000005       0.19329980670019328     
   5.1100000000000003       0.19089980910019089     
   5.1200000000000001       0.19499980500019501     
   5.1299999999999999       0.19379980620019380     
   5.1399999999999997       0.18139981860018140     
   5.1500000000000004       0.18679981320018679     
   5.1600000000000001       0.19349980650019349     
   5.1699999999999999       0.18259981740018261     
   5.1799999999999997       0.18779981220018779     
   5.1900000000000004       0.18669981330018670     
   5.2000000000000002       0.18569981430018570     
   5.2100000000000000       0.18339981660018340     
   5.2199999999999998       0.17669982330017669     
   5.2300000000000004       0.18429981570018431     
   5.2400000000000002       0.18109981890018109     
   5.2500000000000000       0.17879982120017879     
   5.2599999999999998       0.17619982380017621     
   5.2700000000000005       0.16769983230016769     
   5.2800000000000002       0.17069982930017069     
   5.2900000000000000       0.16889983110016890     
   5.2999999999999998       0.16889983110016890     
   5.3100000000000005       0.16399983600016399     
   5.3200000000000003       0.16309983690016311     
   5.3300000000000001       0.15459984540015459     
   5.3399999999999999       0.16639983360016639     
   5.3500000000000005       0.15649984350015650     
   5.3600000000000003       0.15399984600015398     
   5.3700000000000001       0.15679984320015680     
   5.3799999999999999       0.15529984470015529     
   5.3899999999999997       0.14829985170014828     
   5.4000000000000004       0.14709985290014710     
   5.4100000000000001       0.14169985830014170     
   5.4199999999999999       0.14229985770014231     
   5.4299999999999997       0.13199986800013200     
   5.4400000000000004       0.13609986390013609     
   5.4500000000000002       0.12309987690012310     
   5.4600000000000000       0.13099986900013100     
   5.4699999999999998       0.13209986790013209     
   5.4800000000000004       0.12319987680012320     
   5.4900000000000002       0.12299987700012299     
   5.5000000000000000       0.11829988170011829     
   5.5099999999999998       0.11039988960011039     
   5.5200000000000005       0.11709988290011709     
   5.5300000000000002       0.12039987960012040     
   5.5400000000000000       0.11039988960011039     
   5.5499999999999998       0.11129988870011130     
   5.5600000000000005       0.10559989440010560     
   5.5700000000000003       0.10329989670010330     
   5.5800000000000001       0.10449989550010449     
   5.5899999999999999        9.6999903000097004E-002
   5.6000000000000005       0.10039989960010040     
   5.6100000000000003        9.1099908900091092E-002
   5.6200000000000001        9.0999909000091000E-002
   5.6299999999999999        9.0199909800090197E-002
   5.6399999999999997        9.1199908800091198E-002
   5.6500000000000004        8.5999914000085997E-002
   5.6600000000000001        8.9799910200089803E-002
   5.6699999999999999        8.6499913500086498E-002
   5.6799999999999997        7.4399925600074399E-002
   5.6900000000000004        7.5599924400075597E-002
   5.7000000000000002        7.8399921600078401E-002
   5.7100000000000000        7.5999924000076005E-002
   5.7199999999999998        6.8299931700068303E-002
   5.7300000000000004        7.0199929800070199E-002
   5.7400000000000002        7.1799928200071791E-002
   5.7500000000000000        6.6999933000067000E-002
   5.7599999999999998        6.4899935100064893E-002
   5.7700000000000005        6.4699935300064695E-002
   5.7800000000000002        6.1799938200061799E-002
   5.7900000000000000        6.2399937600062398E-002
   5.7999999999999998        6.3399936600063392E-002
   5.8100000000000005        5.8999941000059002E-002
   5.8200000000000003        5.4399945600054400E-002
   5.8300000000000001        6.0599939400060601E-002
   5.8399999999999999        5.2699947300052702E-002
   5.8500000000000005        5.3799946200053801E-002
   5.8600000000000003        5.4899945100054900E-002
   5.8700000000000001        5.2099947900052096E-002
   5.8799999999999999        4.9799950200049799E-002
   5.8899999999999997        4.6599953400046600E-002
   5.9000000000000004        4.7399952600047396E-002
   5.9100000000000001        4.1599958400041596E-002
   5.9199999999999999        4.7199952800047199E-002
   5.9299999999999997        4.1699958300041702E-002
   5.9400000000000004        4.3699956300043696E-002
   5.9500000000000002        4.6199953800046198E-002
   5.9600000000000000        4.3199956800043196E-002
   5.9699999999999998        4.2899957100042900E-002
   5.9800000000000004        4.0399959600040398E-002
   5.9900000000000002        3.9499960500039497E-002
   6.0000000000000000        4.1599958400041596E-002
   6.0099999999999998        4.2799957200042801E-002
   6.0200000000000005        3.9199960800039201E-002
   6.0300000000000002        3.9899960100039898E-002
   6.0400000000000000        3.9699960300039701E-002
   6.0499999999999998        3.4199965800034197E-002
   6.0600000000000005        3.6599963400036600E-002
   6.0700000000000003        3.7799962200037798E-002
   6.0800000000000001        3.3999966000034000E-002
   6.0899999999999999        3.4399965600034402E-002
   6.1000000000000005        3.8399961600038397E-002
   6.1100000000000003        3.3899966100033901E-002
   6.1200000000000001        3.5199964800035198E-002
   6.1299999999999999        3.0799969200030801E-002
   6.1400000000000006        3.1699968300031696E-002
   6.1500000000000004        3.5599964400035600E-002
   6.1600000000000001        2.9799970200029800E-002
   6.1699999999999999        3.2099967900032098E-002
   6.1799999999999997        3.3199966800033197E-002
   6.1900000000000004        3.1599968400031597E-002
   6.2000000000000002        3.1799968200031802E-002
   6.2100000000000000        3.1699968300031696E-002
   6.2199999999999998        3.0799969200030801E-002
   6.2300000000000004        3.0899969100030900E-002
   6.2400000000000002        3.1799968200031802E-002
   6.2500000000000000        3.2799967200032802E-002
   6.2599999999999998        3.0099969900030100E-002
   6.2700000000000005        3.3899966100033901E-002
   6.2800000000000002        7.8999921000078993E-003
