   0.0000000000000000        3.5599964400035600E-002
   1.0000000000000000E-002   3.3699966300033697E-002
   2.0000000000000000E-002   3.2899967100032901E-002
   2.9999999999999999E-002   3.3499966500033500E-002
   4.0000000000000001E-002   3.2499967500032499E-002
   5.0000000000000003E-002   3.5499964500035501E-002
   5.9999999999999998E-002   3.4499965500034500E-002
   7.0000000000000007E-002   3.2999967000032999E-002
   8.0000000000000002E-002   3.2399967600032401E-002
   8.9999999999999997E-002   3.7899962100037897E-002
  0.10000000000000001        3.6799963200036798E-002
  0.11000000000000000        3.6799963200036798E-002
  0.12000000000000000        3.7499962500037502E-002
  0.13000000000000000        3.8999961000038996E-002
  0.14000000000000001        3.5399964600035402E-002
  0.14999999999999999        3.5599964400035600E-002
  0.16000000000000000        3.7699962300037700E-002
  0.17000000000000001        4.0599959400040596E-002
  0.17999999999999999        3.5899964100035896E-002
  0.19000000000000000        4.0399959600040398E-002
  0.20000000000000001        3.8999961000038996E-002
  0.20999999999999999        3.9099960900039102E-002
  0.22000000000000000        3.9299960700039299E-002
  0.23000000000000001        4.1699958300041702E-002
  0.23999999999999999        4.1099958900041096E-002
  0.25000000000000000        4.2599957400042597E-002
  0.26000000000000001        4.1599958400041596E-002
  0.27000000000000002        4.3199956800043196E-002
  0.28000000000000003        4.8499951500048502E-002
  0.28999999999999998        4.5299954700045296E-002
  0.29999999999999999        4.7899952100047896E-002
  0.31000000000000000        5.3099946900053097E-002
  0.32000000000000001        4.8999951000048995E-002
  0.33000000000000002        4.5499954500045500E-002
  0.34000000000000002        5.2299947700052300E-002
  0.35000000000000003        5.4999945000054999E-002
  0.35999999999999999        5.5299944700055302E-002
  0.37000000000000000        5.7399942600057402E-002
  0.38000000000000000        5.2499947500052498E-002
  0.39000000000000001        5.6199943800056197E-002
  0.40000000000000002        5.4199945800054196E-002
  0.41000000000000003        6.0499939500060496E-002
  0.41999999999999998        5.9599940400059601E-002
  0.42999999999999999        5.6799943200056796E-002
  0.44000000000000000        6.5799934200065802E-002
  0.45000000000000001        6.4499935500064498E-002
  0.46000000000000002        6.1399938600061398E-002
  0.47000000000000003        6.5299934700065301E-002
  0.47999999999999998        6.5299934700065301E-002
  0.48999999999999999        6.5799934200065802E-002
  0.50000000000000000        6.7899932100067895E-002
  0.51000000000000001        7.1599928400071594E-002
  0.52000000000000002        6.9999930000070001E-002
  0.53000000000000003        7.4499925500074504E-002
  0.54000000000000004        7.7999922000077992E-002
  0.55000000000000004        8.2599917400082601E-002
  0.56000000000000005        8.3099916900083101E-002
  0.57000000000000006        8.4599915400084602E-002
  0.57999999999999996        8.7299912700087301E-002
  0.58999999999999997        9.1799908200091804E-002
  0.59999999999999998        9.6499903500096504E-002
  0.60999999999999999        9.6399903600096398E-002
  0.62000000000000000        9.1099908900091092E-002
  0.63000000000000000       0.10409989590010410     
  0.64000000000000001       0.10179989820010180     
  0.65000000000000002       0.10689989310010689     
  0.66000000000000003       0.10219989780010220     
  0.67000000000000004       0.10769989230010769     
  0.68000000000000005       0.11299988700011300     
  0.69000000000000006       0.11249988750011250     
  0.70000000000000007       0.11659988340011659     
  0.70999999999999996       0.11349988650011350     
  0.71999999999999997       0.12759987240012760     
  0.72999999999999998       0.12619987380012621     
  0.73999999999999999       0.12349987650012349     
  0.75000000000000000       0.13119986880013121     
  0.76000000000000001       0.13429986570013430     
  0.77000000000000002       0.13709986290013709     
  0.78000000000000003       0.13329986670013330     
  0.79000000000000004       0.13219986780013221     
  0.80000000000000004       0.15079984920015080     
  0.81000000000000005       0.13359986640013360     
  0.82000000000000006       0.15069984930015071     
  0.83000000000000007       0.14669985330014670     
  0.83999999999999997       0.14719985280014719     
  0.84999999999999998       0.16469983530016469     
  0.85999999999999999       0.15239984760015240     
  0.87000000000000000       0.16129983870016129     
  0.88000000000000000       0.15819984180015820     
  0.89000000000000001       0.15179984820015180     
  0.90000000000000002       0.17169982830017169     
  0.91000000000000003       0.16019983980016020     
  0.92000000000000004       0.17269982730017269     
  0.93000000000000005       0.17129982870017130     
  0.94000000000000006       0.18049981950018049     
  0.95000000000000007       0.17909982090017909     
  0.95999999999999996       0.17429982570017430     
  0.96999999999999997       0.18669981330018670     
  0.97999999999999998       0.18339981660018340     
  0.98999999999999999       0.18699981300018700     
   1.0000000000000000       0.19749980250019750     
   1.0100000000000000       0.20009979990020010     
   1.0200000000000000       0.18819981180018819     
   1.0300000000000000       0.19939980060019941     
   1.0400000000000000       0.19869980130019871     
   1.0500000000000000       0.21169978830021169     
   1.0600000000000001       0.18529981470018531     
   1.0700000000000001       0.20459979540020459     
   1.0800000000000001       0.20449979550020450     
   1.0900000000000001       0.20339979660020341     
   1.1000000000000001       0.20799979200020799     
   1.1100000000000001       0.19169980830019170     
   1.1200000000000001       0.20539979460020538     
   1.1300000000000001       0.20399979600020399     
   1.1400000000000001       0.20139979860020141     
   1.1500000000000001       0.20499979500020499     
   1.1599999999999999       0.20319979680020320     
   1.1699999999999999       0.20129979870020129     
   1.1799999999999999       0.20149979850020150     
   1.1899999999999999       0.21499978500021499     
   1.2000000000000000       0.20139979860020141     
   1.2100000000000000       0.20379979620020380     
   1.2200000000000000       0.21199978800021199     
   1.2300000000000000       0.20189979810020189     
   1.2400000000000000       0.20379979620020380     
   1.2500000000000000       0.19929980070019929     
   1.2600000000000000       0.19979980020019980     
   1.2700000000000000       0.20009979990020010     
   1.2800000000000000       0.19849980150019850     
   1.2900000000000000       0.20029979970020029     
   1.3000000000000000       0.19359980640019359     
   1.3100000000000001       0.19749980250019750     
   1.3200000000000001       0.19339980660019340     
   1.3300000000000001       0.19369980630019371     
   1.3400000000000001       0.19029980970019031     
   1.3500000000000001       0.19369980630019371     
   1.3600000000000001       0.19569980430019571     
   1.3700000000000001       0.19339980660019340     
   1.3800000000000001       0.18329981670018330     
   1.3900000000000001       0.18759981240018758     
   1.4000000000000001       0.18069981930018070     
   1.4099999999999999       0.17849982150017848     
   1.4199999999999999       0.16979983020016978     
   1.4299999999999999       0.17569982430017569     
   1.4399999999999999       0.17099982900017099     
   1.4500000000000000       0.16129983870016129     
   1.4600000000000000       0.16569983430016569     
   1.4700000000000000       0.15579984420015580     
   1.4800000000000000       0.16719983280016720     
   1.4900000000000000       0.15419984580015419     
   1.5000000000000000       0.16329983670016329     
   1.5100000000000000       0.15969984030015968     
   1.5200000000000000       0.14959985040014959     
   1.5300000000000000       0.14779985220014780     
   1.5400000000000000       0.14409985590014410     
   1.5500000000000000       0.13889986110013891     
   1.5600000000000001       0.14449985550014449     
   1.5700000000000001       0.14329985670014331     
   1.5800000000000001       0.14009985990014009     
   1.5900000000000001       0.14439985560014440     
   1.6000000000000001       0.14259985740014261     
   1.6100000000000001       0.14099985900014100     
   1.6200000000000001       0.14139985860014140     
   1.6300000000000001       0.14479985520014479     
   1.6400000000000001       0.14019985980014019     
   1.6500000000000001       0.14489985510014489     
   1.6600000000000001       0.13309986690013309     
   1.6699999999999999       0.12839987160012839     
   1.6799999999999999       0.13149986850013148     
   1.6899999999999999       0.13089986910013091     
   1.7000000000000000       0.13459986540013461     
   1.7100000000000000       0.13469986530013470     
   1.7200000000000000       0.13319986680013321     
   1.7300000000000000       0.11869988130011870     
   1.7400000000000000       0.12729987270012730     
   1.7500000000000000       0.12499987500012499     
   1.7600000000000000       0.12329987670012330     
   1.7700000000000000       0.11569988430011570     
   1.7800000000000000       0.12029987970012029     
   1.7900000000000000       0.12449987550012449     
   1.8000000000000000       0.11599988400011600     
   1.8100000000000001       0.11409988590011409     
   1.8200000000000001       0.10909989090010910     
   1.8300000000000001       0.11449988550011450     
   1.8400000000000001       0.11539988460011540     
   1.8500000000000001       0.10209989790010210     
   1.8600000000000001       0.10669989330010669     
   1.8700000000000001       0.10989989010010989     
   1.8800000000000001       0.10899989100010900     
   1.8900000000000001       0.11109988890011109     
   1.9000000000000001       0.10769989230010769     
   1.9100000000000001       0.10319989680010319     
   1.9199999999999999       0.10049989950010049     
   1.9299999999999999       0.10259989740010260     
   1.9399999999999999       0.10529989470010530     
   1.9500000000000000       0.10109989890010110     
   1.9600000000000000       0.10409989590010410     
   1.9700000000000000       0.10379989620010380     
   1.9800000000000000       0.10329989670010330     
   1.9900000000000000       0.10659989340010660     
   2.0000000000000000       0.10839989160010839     
   2.0100000000000002       0.10139989860010140     
   2.0200000000000000       0.10689989310010689     
   2.0300000000000002        9.7399902600097399E-002
   2.0400000000000000        9.8499901500098491E-002
   2.0499999999999998       0.10459989540010460     
   2.0600000000000001        9.9299900700099294E-002
   2.0699999999999998       0.10719989280010719     
   2.0800000000000001       0.11079988920011080     
   2.0899999999999999       0.10609989390010610     
   2.1000000000000001       0.10799989200010800     
   2.1099999999999999       0.10309989690010310     
   2.1200000000000001       0.11419988580011420     
   2.1299999999999999       0.10469989530010469     
   2.1400000000000001       0.11259988740011259     
   2.1499999999999999       0.11189988810011189     
   2.1600000000000001       0.11389988610011390     
   2.1699999999999999       0.11909988090011910     
   2.1800000000000002       0.11409988590011409     
   2.1899999999999999       0.11869988130011870     
   2.2000000000000002       0.11659988340011659     
   2.2100000000000000       0.11629988370011629     
   2.2200000000000002       0.11809988190011809     
   2.2300000000000000       0.12129987870012129     
   2.2400000000000002       0.11679988320011679     
   2.2500000000000000       0.12309987690012310     
   2.2600000000000002       0.12329987670012330     
   2.2700000000000000       0.12009987990012010     
   2.2800000000000002       0.12649987350012651     
   2.2900000000000000       0.12659987340012660     
   2.3000000000000003       0.13509986490013509     
   2.3100000000000001       0.13259986740013260     
   2.3199999999999998       0.13379986620013379     
   2.3300000000000001       0.12919987080012921     
   2.3399999999999999       0.13919986080013919     
   2.3500000000000001       0.13959986040013961     
   2.3599999999999999       0.15039984960015040     
   2.3700000000000001       0.14799985200014801     
   2.3799999999999999       0.15069984930015071     
   2.3900000000000001       0.14379985620014379     
   2.3999999999999999       0.15409984590015410     
   2.4100000000000001       0.15379984620015380     
   2.4199999999999999       0.16439983560016438     
   2.4300000000000002       0.16429983570016429     
   2.4399999999999999       0.17369982630017369     
   2.4500000000000002       0.17249982750017251     
   2.4600000000000000       0.17499982500017500     
   2.4700000000000002       0.17879982120017879     
   2.4800000000000000       0.17729982270017730     
   2.4900000000000002       0.17869982130017870     
   2.5000000000000000       0.17889982110017891     
   2.5100000000000002       0.19179980820019180     
   2.5200000000000000       0.19829980170019829     
   2.5300000000000002       0.19639980360019640     
   2.5400000000000000       0.19609980390019610     
   2.5500000000000003       0.20449979550020450     
   2.5600000000000001       0.20209979790020210     
   2.5699999999999998       0.21109978890021108     
   2.5800000000000001       0.21549978450021551     
   2.5899999999999999       0.21889978110021890     
   2.6000000000000001       0.22599977400022600     
   2.6099999999999999       0.22389977610022391     
   2.6200000000000001       0.23039976960023040     
   2.6299999999999999       0.23399976600023401     
   2.6400000000000001       0.23409976590023410     
   2.6499999999999999       0.23999976000023998     
   2.6600000000000001       0.25019974980025017     
   2.6699999999999999       0.23799976200023801     
   2.6800000000000002       0.25359974640025357     
   2.6899999999999999       0.26839973160026842     
   2.7000000000000002       0.27529972470027531     
   2.7100000000000000       0.25879974120025878     
   2.7200000000000002       0.28259971740028261     
   2.7300000000000000       0.26579973420026581     
   2.7400000000000002       0.29469970530029471     
   2.7500000000000000       0.29089970910029089     
   2.7600000000000002       0.29679970320029680     
   2.7700000000000000       0.28909971090028908     
   2.7800000000000002       0.30149969850030151     
   2.7900000000000000       0.31309968690031309     
   2.8000000000000003       0.32949967050032947     
   2.8100000000000001       0.32409967590032407     
   2.8199999999999998       0.33109966890033110     
   2.8300000000000001       0.31759968240031761     
   2.8399999999999999       0.34259965740034259     
   2.8500000000000001       0.35679964320035679     
   2.8599999999999999       0.34299965700034302     
   2.8700000000000001       0.36309963690036307     
   2.8799999999999999       0.36309963690036307     
   2.8900000000000001       0.37209962790037210     
   2.8999999999999999       0.38379961620038378     
   2.9100000000000001       0.39289960710039290     
   2.9199999999999999       0.39399960600039396     
   2.9300000000000002       0.37839962160037838     
   2.9399999999999999       0.39279960720039281     
   2.9500000000000002       0.40389959610040388     
   2.9600000000000000       0.40559959440040561     
   2.9700000000000002       0.40729959270040728     
   2.9800000000000000       0.40839959160040840     
   2.9900000000000002       0.42039957960042040     
   3.0000000000000000       0.42219957780042217     
   3.0100000000000002       0.43879956120043878     
   3.0200000000000000       0.41359958640041361     
   3.0300000000000002       0.41379958620041379     
   3.0400000000000000       0.42479957520042477     
   3.0500000000000003       0.42179957820042180     
   3.0600000000000001       0.42689957310042687     
   3.0700000000000003       0.41959958040041961     
   3.0800000000000001       0.45189954810045191     
   3.0899999999999999       0.42869957130042868     
   3.1000000000000001       0.44609955390044609     
   3.1099999999999999       0.42629957370042632     
   3.1200000000000001       0.43209956790043208     
   3.1299999999999999       0.43089956910043087     
   3.1400000000000001       0.43289956710043287     
   3.1499999999999999       0.41479958520041477     
   3.1600000000000001       0.43359956640043357     
   3.1699999999999999       0.43019956980043017     
   3.1800000000000002       0.43179956820043180     
   3.1899999999999999       0.42299957700042301     
   3.2000000000000002       0.42679957320042677     
   3.2100000000000000       0.43149956850043147     
   3.2200000000000002       0.40279959720040281     
   3.2300000000000000       0.40139959860040136     
   3.2400000000000002       0.41339958660041337     
   3.2500000000000000       0.41349958650041346     
   3.2600000000000002       0.40899959100040900     
   3.2700000000000000       0.40139959860040136     
   3.2800000000000002       0.41329958670041328     
   3.2900000000000000       0.40749959250040751     
   3.3000000000000003       0.41279958720041277     
   3.3100000000000001       0.39609960390039611     
   3.3200000000000003       0.39809960190039811     
   3.3300000000000001       0.39689960310039690     
   3.3399999999999999       0.39779960220039778     
   3.3500000000000001       0.38109961890038108     
   3.3599999999999999       0.37469962530037471     
   3.3700000000000001       0.35649964350035651     
   3.3799999999999999       0.35989964010035991     
   3.3900000000000001       0.35639964360035642     
   3.3999999999999999       0.35979964020035982     
   3.4100000000000001       0.34879965120034878     
   3.4199999999999999       0.35399964600035400     
   3.4300000000000002       0.34969965030034972     
   3.4399999999999999       0.34799965200034799     
   3.4500000000000002       0.33699966300033701     
   3.4600000000000000       0.31439968560031439     
   3.4700000000000002       0.32699967300032701     
   3.4800000000000000       0.32829967170032831     
   3.4900000000000002       0.30099969900030099     
   3.5000000000000000       0.30319969680030318     
   3.5100000000000002       0.29589970410029587     
   3.5200000000000000       0.29709970290029708     
   3.5300000000000002       0.28799971200028801     
   3.5400000000000000       0.28059971940028061     
   3.5500000000000003       0.28719971280028717     
   3.5600000000000001       0.28199971800028201     
   3.5700000000000003       0.26889973110026888     
   3.5800000000000001       0.24539975460024541     
   3.5899999999999999       0.24769975230024768     
   3.6000000000000001       0.24479975520024480     
   3.6099999999999999       0.24399975600024398     
   3.6200000000000001       0.25029974970025032     
   3.6299999999999999       0.24019975980024019     
   3.6400000000000001       0.23319976680023319     
   3.6499999999999999       0.23239976760023240     
   3.6600000000000001       0.23599976400023601     
   3.6699999999999999       0.21769978230021769     
   3.6800000000000002       0.20479979520020480     
   3.6899999999999999       0.20039979960020041     
   3.7000000000000002       0.20729979270020729     
   3.7100000000000000       0.19769980230019771     
   3.7200000000000002       0.20279979720020280     
   3.7300000000000000       0.21169978830021169     
   3.7400000000000002       0.17799982200017800     
   3.7500000000000000       0.17489982510017490     
   3.7600000000000002       0.17749982250017748     
   3.7700000000000000       0.16979983020016978     
   3.7800000000000002       0.16729983270016729     
   3.7900000000000000       0.16369983630016369     
   3.8000000000000003       0.15849984150015850     
   3.8100000000000001       0.15749984250015750     
   3.8200000000000003       0.15449984550015450     
   3.8300000000000001       0.14699985300014701     
   3.8399999999999999       0.14909985090014910     
   3.8500000000000001       0.14469985530014470     
   3.8599999999999999       0.14219985780014219     
   3.8700000000000001       0.13849986150013849     
   3.8799999999999999       0.13819986180013819     
   3.8900000000000001       0.13379986620013379     
   3.8999999999999999       0.13359986640013360     
   3.9100000000000001       0.12859987140012860     
   3.9199999999999999       0.12599987400012599     
   3.9300000000000002       0.12009987990012010     
   3.9399999999999999       0.12909987090012909     
   3.9500000000000002       0.12729987270012730     
   3.9600000000000000       0.11789988210011790     
   3.9700000000000002       0.13099986900013100     
   3.9800000000000000       0.11689988310011690     
   3.9900000000000002       0.11409988590011409     
   4.0000000000000000       0.11399988600011400     
   4.0099999999999998       0.11909988090011910     
   4.0200000000000005       0.11749988250011750     
   4.0300000000000002       0.10919989080010920     
   4.0400000000000000       0.10849989150010850     
   4.0499999999999998       0.11169988830011170     
   4.0600000000000005       0.10409989590010410     
   4.0700000000000003       0.10849989150010850     
   4.0800000000000001       0.10079989920010080     
   4.0899999999999999       0.10499989500010500     
   4.0999999999999996       0.10379989620010380     
   4.1100000000000003       0.11079988920011080     
   4.1200000000000001        9.5599904400095595E-002
   4.1299999999999999       0.10219989780010220     
   4.1399999999999997       0.10119989880010120     
   4.1500000000000004        9.9299900700099294E-002
   4.1600000000000001       0.10179989820010180     
   4.1699999999999999       0.10329989670010330     
   4.1799999999999997        9.4999905000095003E-002
   4.1900000000000004        9.3699906300093699E-002
   4.2000000000000002        8.9199910800089197E-002
   4.2100000000000000        9.9099900900099097E-002
   4.2199999999999998        9.8899901100098900E-002
   4.2300000000000004       0.10099989900010099     
   4.2400000000000002        9.7699902300097702E-002
   4.2500000000000000        9.8599901400098597E-002
   4.2599999999999998        9.2799907200092804E-002
   4.2700000000000005        9.7299902700097293E-002
   4.2800000000000002        9.2599907400092593E-002
   4.2900000000000000        9.3999906000094002E-002
   4.2999999999999998        9.1199908800091198E-002
   4.3100000000000005        9.4799905200094792E-002
   4.3200000000000003        9.4499905500094503E-002
   4.3300000000000001        9.4699905300094700E-002
   4.3399999999999999        9.6099903900096095E-002
   4.3500000000000005        9.4299905700094291E-002
   4.3600000000000003       0.10039989960010040     
   4.3700000000000001       0.10079989920010080     
   4.3799999999999999       0.10119989880010120     
   4.3899999999999997        9.5699904300095701E-002
   4.4000000000000004        9.2999907000093002E-002
   4.4100000000000001       0.10209989790010210     
   4.4199999999999999       0.10519989480010519     
   4.4299999999999997       0.10179989820010180     
   4.4400000000000004       0.10829989170010830     
   4.4500000000000002        9.4299905700094291E-002
   4.4600000000000000       0.10209989790010210     
   4.4699999999999998       0.10489989510010490     
   4.4800000000000004       0.10769989230010769     
   4.4900000000000002       0.10319989680010319     
   4.5000000000000000       0.10199989800010199     
   4.5099999999999998       0.10209989790010210     
   4.5200000000000005       0.10689989310010689     
   4.5300000000000002       0.10419989580010419     
   4.5400000000000000       0.10399989600010399     
   4.5499999999999998       0.11419988580011420     
   4.5600000000000005       0.11489988510011490     
   4.5700000000000003       0.11429988570011430     
   4.5800000000000001       0.11659988340011659     
   4.5899999999999999       0.12139987860012140     
   4.6000000000000005       0.12339987660012340     
   4.6100000000000003       0.12439987560012440     
   4.6200000000000001       0.12179987820012179     
   4.6299999999999999       0.12479987520012480     
   4.6399999999999997       0.12079987920012079     
   4.6500000000000004       0.12439987560012440     
   4.6600000000000001       0.12429987570012430     
   4.6699999999999999       0.13269986730013270     
   4.6799999999999997       0.14459985540014458     
   4.6900000000000004       0.13559986440013561     
   4.7000000000000002       0.13949986050013949     
   4.7100000000000000       0.13499986500013500     
   4.7199999999999998       0.13409986590013409     
   4.7300000000000004       0.14169985830014170     
   4.7400000000000002       0.14369985630014370     
   4.7500000000000000       0.13819986180013819     
   4.7599999999999998       0.14259985740014261     
   4.7700000000000005       0.15179984820015180     
   4.7800000000000002       0.15259984740015259     
   4.7900000000000000       0.14889985110014889     
   4.7999999999999998       0.15329984670015329     
   4.8100000000000005       0.15229984770015229     
   4.8200000000000003       0.16429983570016429     
   4.8300000000000001       0.16499983500016499     
   4.8399999999999999       0.15469984530015471     
   4.8500000000000005       0.16149983850016150     
   4.8600000000000003       0.16379983620016381     
   4.8700000000000001       0.16269983730016269     
   4.8799999999999999       0.16449983550016450     
   4.8899999999999997       0.16189983810016190     
   4.9000000000000004       0.16359983640016360     
   4.9100000000000001       0.17119982880017121     
   4.9199999999999999       0.16559983440016560     
   4.9299999999999997       0.17069982930017069     
   4.9400000000000004       0.17929982070017930     
   4.9500000000000002       0.18099981900018100     
   4.9600000000000000       0.17939982060017939     
   4.9699999999999998       0.17769982230017770     
   4.9800000000000004       0.18269981730018270     
   4.9900000000000002       0.18259981740018261     
   5.0000000000000000       0.17799982200017800     
   5.0099999999999998       0.18479981520018479     
   5.0200000000000005       0.17859982140017860     
   5.0300000000000002       0.18339981660018340     
   5.0400000000000000       0.17879982120017879     
   5.0499999999999998       0.17709982290017709     
   5.0600000000000005       0.18599981400018600     
   5.0700000000000003       0.19579980420019580     
   5.0800000000000001       0.18659981340018661     
   5.0899999999999999       0.18329981670018330     
   5.1000000000000005       0.18549981450018549     
   5.1100000000000003       0.17809982190017809     
   5.1200000000000001       0.18169981830018170     
   5.1299999999999999       0.17239982760017239     
   5.1399999999999997       0.18249981750018249     
   5.1500000000000004       0.18269981730018270     
   5.1600000000000001       0.17529982470017530     
   5.1699999999999999       0.17639982360017639     
   5.1799999999999997       0.16899983100016899     
   5.1900000000000004       0.17609982390017609     
   5.2000000000000002       0.16169983830016169     
   5.2100000000000000       0.17379982620017378     
   5.2199999999999998       0.17279982720017278     
   5.2300000000000004       0.16639983360016639     
   5.2400000000000002       0.16329983670016329     
   5.2500000000000000       0.16509983490016511     
   5.2599999999999998       0.15999984000015999     
   5.2700000000000005       0.16169983830016169     
   5.2800000000000002       0.15139984860015140     
   5.2900000000000000       0.15679984320015680     
   5.2999999999999998       0.15559984440015559     
   5.3100000000000005       0.15759984240015759     
   5.3200000000000003       0.15859984140015859     
   5.3300000000000001       0.14359985640014358     
   5.3399999999999999       0.14659985340014658     
   5.3500000000000005       0.14019985980014019     
   5.3600000000000003       0.13989986010013988     
   5.3700000000000001       0.13549986450013549     
   5.3799999999999999       0.13959986040013961     
   5.3899999999999997       0.13289986710013291     
   5.4000000000000004       0.12169987830012170     
   5.4100000000000001       0.13459986540013461     
   5.4199999999999999       0.12889987110012890     
   5.4299999999999997       0.12049987950012049     
   5.4400000000000004       0.11819988180011820     
   5.4500000000000002       0.11399988600011400     
   5.4600000000000000       0.11319988680011320     
   5.4699999999999998       0.12279987720012280     
   5.4800000000000004       0.11389988610011390     
   5.4900000000000002       0.12109987890012110     
   5.5000000000000000       0.10909989090010910     
   5.5099999999999998       0.11219988780011220     
   5.5200000000000005       0.11059988940011060     
   5.5300000000000002       0.10129989870010130     
   5.5400000000000000       0.10959989040010960     
   5.5499999999999998        9.0999909000091000E-002
   5.5600000000000005        9.2299907700092304E-002
   5.5700000000000003        9.5299904700095292E-002
   5.5800000000000001        9.1299908700091303E-002
   5.5899999999999999        9.8599901400098597E-002
   5.6000000000000005        8.6899913100086892E-002
   5.6100000000000003        9.2799907200092804E-002
   5.6200000000000001        9.5399904600095398E-002
   5.6299999999999999        9.2299907700092304E-002
   5.6399999999999997        8.8899911100088894E-002
   5.6500000000000004        8.9999910000090000E-002
   5.6600000000000001        8.3099916900083101E-002
   5.6699999999999999        8.6099913900086103E-002
   5.6799999999999997        7.7899922100077901E-002
   5.6900000000000004        7.9699920300079705E-002
   5.7000000000000002        8.0599919400080600E-002
   5.7100000000000000        7.3599926400073595E-002
   5.7199999999999998        7.1899928100071897E-002
   5.7300000000000004        7.3599926400073595E-002
   5.7400000000000002        7.3599926400073595E-002
   5.7500000000000000        7.0799929200070805E-002
   5.7599999999999998        6.5899934100065893E-002
   5.7700000000000005        6.3299936700063300E-002
   5.7800000000000002        6.6399933600066394E-002
   5.7900000000000000        6.1499938500061496E-002
   5.7999999999999998        5.9799940200059798E-002
   5.8100000000000005        6.2099937900062095E-002
   5.8200000000000003        5.6599943400056599E-002
   5.8300000000000001        6.1499938500061496E-002
   5.8399999999999999        5.6399943600056401E-002
   5.8500000000000005        4.9599950400049601E-002
   5.8600000000000003        5.4899945100054900E-002
   5.8700000000000001        5.4799945200054802E-002
   5.8799999999999999        5.1799948200051800E-002
   5.8899999999999997        5.1799948200051800E-002
   5.9000000000000004        4.5099954900045099E-002
   5.9100000000000001        4.9199950800049200E-002
   5.9199999999999999        4.9399950600049397E-002
   5.9299999999999997        4.7199952800047199E-002
   5.9400000000000004        4.6999953000047001E-002
   5.9500000000000002        3.9699960300039701E-002
   5.9600000000000000        4.4499955500044500E-002
   5.9699999999999998        4.1399958600041399E-002
   5.9800000000000004        4.2799957200042801E-002
   5.9900000000000002        4.1699958300041702E-002
   6.0000000000000000        4.4899955100044901E-002
   6.0099999999999998        4.1499958500041498E-002
   6.0200000000000005        3.5899964100035896E-002
   6.0300000000000002        4.3299956700043302E-002
   6.0400000000000000        3.8099961900038101E-002
   6.0499999999999998        3.7099962900037101E-002
   6.0600000000000005        3.4099965900034099E-002
   6.0700000000000003        3.5099964900035099E-002
   6.0800000000000001        3.7399962600037397E-002
   6.0899999999999999        3.5499964500035501E-002
   6.1000000000000005        3.4799965200034796E-002
   6.1100000000000003        3.2299967700032302E-002
   6.1200000000000001        3.5599964400035600E-002
   6.1299999999999999        3.0899969100030900E-002
   6.1400000000000006        3.0399969600030399E-002
   6.1500000000000004        3.4599965400034599E-002
   6.1600000000000001        3.4099965900034099E-002
   6.1699999999999999        3.4699965300034698E-002
   6.1799999999999997        3.2199967800032196E-002
   6.1900000000000004        3.4499965500034500E-002
   6.2000000000000002        3.7899962100037897E-002
   6.2100000000000000        3.3799966200033796E-002
   6.2199999999999998        3.3199966800033197E-002
   6.2300000000000004        3.3799966200033796E-002
   6.2400000000000002        3.6299963700036297E-002
   6.2500000000000000        3.0799969200030801E-002
   6.2599999999999998        2.8999971000029000E-002
   6.2700000000000005        3.2899967100032901E-002
   6.2800000000000002        8.5999914000086004E-003
